79291197061
79767231369
79903450764
79616316944
79771233809
79433651094
79965894678
79800343962
79794611612
79748084766
79329262751
79574555679
79781211935
79961093663
79611945379
79189719972
79938353319
79457953448
79859662380
79709215661
79907985071
79083999536
79077153208
79321628984
79665588538
79161705916
79662657725
79108645699
79098192460
79853449172
79215138397
79575887453
79724828134
79573611753
79796350954
79947603314
79941926002
79361981300
79343831413
79543168506
79302798588
79526229757
